1774217698252 0.25953131914138794 500
1774217771366 0.23919600248336792 1000
1774217844361 0.27984103560447693 1500
1774217916583 0.1481952965259552 2000
1774217988974 0.06258207559585571 2500
1774218061985 0.23635387420654297 3000
1774218134178 0.05654364079236984 3500
1774218206080 0.04748168960213661 4000
1774218278508 0.02579878270626068 4500
1774218350988 0.08400554955005646 5000
1774218422902 0.04630250483751297 5500
1774218494816 0.04979550093412399 6000
1774218567210 0.0512547567486763 6500
1774218639130 0.01071507204324007 7000
1774218711895 0.028161711990833282 7500
1774218784152 0.010355636477470398 8000
1774218856382 0.01075397152453661 8500
1774218928878 0.03027478978037834 9000
1774219001639 62.610321044921875 9500
1774219073615 0.03865811973810196 10000
1774219146039 0.005762580316513777 10500
1774219218458 0.0078010172583162785 11000
1774219290366 0.014416794292628765 11500
1774219362286 0.01999150961637497 12000
1774219434428 0.006345497444272041 12500
1774219506588 0.24821561574935913 13000
1774219578754 0.006095795892179012 13500
1774219650708 0.0028101743664592505 14000
1774219722891 0.035093385726213455 14500
1774219794823 0.0018995975842699409 15000
